       -2.29
       -2.28
       -2.26
       -2.26
       -2.22
       -2.12
       -2.12
       -2.09
       -2.06
       -2.05
          -2
          -2
          -2
          -2
          -2
       -1.99
       -1.95
       -1.94
       -1.92
        -1.9
       -1.88
       -1.86
       -1.85
       -1.85
       -1.83
       -1.83
       -1.82
       -1.81
        -1.8
        -1.8
        -1.8
        -1.8
       -1.76
       -1.75
       -1.75
       -1.75
       -1.74
        -1.7
       -1.68
       -1.68
       -1.67
       -1.67
       -1.66
       -1.64
       -1.63
       -1.62
       -1.62
        -1.6
        -1.6
        -1.6
       -1.58
       -1.58
       -1.58
       -1.57
       -1.57
       -1.56
       -1.56
       -1.55
       -1.54
       -1.54
       -1.53
       -1.52
       -1.52
       -1.51
       -1.51
        -1.5
        -1.5
       -1.49
       -1.48
       -1.48
       -1.46
       -1.45
       -1.44
       -1.44
       -1.43
       -1.41
        -1.4
        -1.4
       -1.39
       -1.38
       -1.37
       -1.35
       -1.35
       -1.32
        -1.3
        -1.3
        -1.3
       -1.29
       -1.29
       -1.27
       -1.24
       -1.22
        -1.2
        -1.2
        -1.2
       -1.17
       -1.16
       -1.16
       -1.15
       -1.12
       -1.09
       -1.04
       -1.01
       -0.99
       -0.98
       -0.96
       -0.95
       -0.94
       -0.86
       -0.82
        -0.8
       -0.76
       -0.73
       -0.73
       -0.73
        -0.7
        -0.7
        -0.7
        -0.7
       -0.66
       -0.65
       -0.64
       -0.62
        -0.6
        -0.6
       -0.59
       -0.58
       -0.55
       -0.53
       -0.52
        -0.5
        -0.5
        -0.5
        -0.5
        -0.5
        -0.5
        -0.5
       -0.48
       -0.44
        -0.4
       -0.39
       -0.37
       -0.34
       -0.21
        -0.1
       -0.04
           0
        0.22
