-2.161444
-2.342168
-1.980900
-1.788446
-1.788446
-1.788446
-1.788446
-1.788446
-2.232059
-2.232059
-2.232059
-2.154657
-2.154657
-2.148987
-2.140144
-2.140144
-2.140144
-1.618855
-1.618855
-1.618855
-2.120507
-2.120507
-2.016542
-2.025255
-2.025255
-2.025255
-1.606617
-1.606617
-1.606617
-1.606617
-1.606617
-1.606617
-1.606617
-1.606617
-1.606617
-1.606617
-1.606617
-1.606617
-1.606617
-1.526723
-1.526723
-2.298895
-2.298895
-2.298895
-2.298895
-1.709758
-1.709758
-1.709758
-1.709758
-1.709758
-1.709758
-1.709758
-1.645126
-1.645126
-1.645126
-1.645126
-1.645126
-1.872620
-1.872620
-1.872620
-1.999527
-1.999527
-1.999527
-1.999527
-1.999527
-1.999527
-2.237342
-2.237342
-2.237342
-2.237342
-1.925223
-1.925223
-1.925223
-1.925223
-1.925223
-1.925223
-1.957132
-1.957132
-1.957132
-1.957132
-2.014421
-2.014421
-2.014421
-2.014421
-2.014421
-2.014421
-1.904479
-1.904479
-1.904479
-1.904479
-1.904479
-1.904479
-1.689244
-1.689244
-1.689244
-1.689244
-1.689244
-1.689244
-1.689244
-1.689244
-1.681194
-1.681194
-1.681194
-1.681194
-1.681194
-1.681194
-1.626530
-1.626530
-1.626530
-1.626530
-1.626530
-1.626530
-1.626530
-1.626530
-1.756235
-1.756235
-1.756235
-1.756235
-1.756235
-1.756235
-1.756235
-1.756235
-1.756235
-1.756235
-1.756235
-1.481133
-1.481133
-1.481133
-1.481133
-1.481133
-1.481133
-1.481133
-1.481133
-1.481133
-1.842377
-1.683353
-1.683353
-1.683353
-1.683353
-1.683353
-1.683353
-1.693369
-1.693369
-2.058121
-1.419168
-1.419168
-1.419168
-1.419168
-1.419168
-1.419168
-1.973276
-1.973276
-1.973276
-0.975757
-0.975757
-0.975757
-0.975757
-0.975757
-0.975757
-0.975757
-0.975757
-0.975757
-0.975757
-0.975757
-0.975757
-0.975757
-0.975757
-0.975757
-0.975757
-0.975757
-1.311326
-1.311326
-1.311326
-1.311326
-1.311326
-1.311326
-1.311326
-1.311326
-0.671833
-0.671833
-0.671833
-0.671833
-0.671833
-0.671833
-0.671833
-0.671833
-0.671833
-0.671833
-0.671833
-0.671833
-0.671833
-0.671833
-0.671833
-0.671833
-0.671833
-0.671833
-0.671833
-0.671833
-0.671833
-0.671833
-0.671833
-0.671833
-0.671833
-0.462561
-0.462561
-0.462561
-0.462561
-0.462561
-0.462561
-0.462561
-0.462561
-0.462561
-0.462561
-0.462561
-0.462561
-0.462561
-0.462561
-0.462561
-0.462561
-0.462561
